[134.23214721679688, 137.11557006835938, 139.38223266601562]
[121.68902587890625, 126.21067810058594, 124.61978912353516]
[122.72913360595703, 131.71507263183594, 133.79736328125]
[188.0912322998047, 184.8827362060547, 177.25271606445312]
[130.3027801513672, 132.69564819335938, 129.89552307128906]
[123.70732116699219, 133.2071075439453, 133.3929901123047]
[128.90609741210938, 130.00592041015625, 131.51756286621094]
[132.0397186279297, 133.03468322753906, 133.464111328125]
[113.84049224853516, 124.24666595458984, 128.41612243652344]
[123.46537017822266, 131.42324829101562, 133.04710388183594]
[129.74717712402344, 136.8026123046875, 138.5049285888672]
[124.01045989990234, 127.07048797607422, 129.1739501953125]
[112.54878997802734, 120.13179016113281, 120.02845764160156]
[124.23228454589844, 131.90066528320312, 133.0259552001953]
[201.08731079101562, 192.1685791015625, 181.2752227783203]
[129.6929931640625, 137.16419982910156, 137.65122985839844]
[132.75692749023438, 138.0580291748047, 137.15127563476562]
[126.4886245727539, 132.2985076904297, 133.35630798339844]
[132.2196044921875, 135.15902709960938, 133.01812744140625]
[123.58043670654297, 127.24687194824219, 126.73687744140625]
[123.2804183959961, 129.8203582763672, 129.90084838867188]
[126.20062255859375, 135.60720825195312, 137.7696990966797]
[126.18636322021484, 132.97633361816406, 132.42384338378906]
[128.84625244140625, 130.27294921875, 130.50961303710938]
[189.68124389648438, 187.0507354736328, 181.7347869873047]
[137.892822265625, 142.1243438720703, 143.0948028564453]
[111.16967010498047, 122.8377456665039, 124.1545181274414]
[125.64080047607422, 130.72137451171875, 132.712158203125]
[131.8022918701172, 132.15896606445312, 133.61471557617188]
[124.48169708251953, 132.6182403564453, 133.6446990966797]
[121.38077545166016, 127.16040802001953, 127.88497924804688]
[129.5818634033203, 131.89523315429688, 134.73553466796875]
[122.86691284179688, 129.7827911376953, 131.31500244140625]
[209.58607482910156, 199.9473876953125, 187.24761962890625]